bhk, rent, advance, lat, long
2, 13500, 75000, 12.880542, 77.571786
2, 19200, 79500, 12.884788, 77.530351
3, 14900, 79500, 12.912241, 77.498755
1, 16900, 73500, 12.970755, 77.499377
2, 18900, 62500, 12.970755, 77.499377
2, 19900, 82500, 13.023757, 77.568717 
3, 11900, 82500, 12.980426, 77.602663
1, 17900, 79500, 12.992720, 77.592374
2, 19900, 70500, 12.998919, 77.591569
2, 12900, 72500, 12.990096, 77.606750
3, 16700, 71100, 12.995250, 77.607737
2, 16900, 62500, 12.998135, 77.605645
1, 12600, 62500, 13.003466, 77.609
2, 14900, 92500, 13.007417, 77.608778
2, 17900, 122500, 13.005368, 77.625182
1, 11900, 92500, 12.999127, 77.636748
2, 19200, 41900, 12.93602, 77.59123
2, 10700, 91200, 12.9548, 77.51743
2, 15100, 138300, 12.99979, 77.50218
1, 13700, 108100, 12.91487, 77.5091
2, 14000, 126300, 12.96602, 77.60585
1, 25700, 87600, 12.94928, 77.5679
2, 23100, 41500, 12.91226, 77.58863
2, 24100, 45200, 12.9655, 77.61808
1, 19600, 148600, 12.91202, 77.53806
3, 26400, 124600, 12.97291, 77.58403
2, 17300, 88400, 12.92231, 77.52334
3, 19700, 112000, 12.97085, 77.61904
1, 28500, 120200, 12.9704, 77.56423
2, 8800, 68000, 12.88856, 77.56311
1, 17100, 110200, 12.8809, 77.51504
2, 9700, 137400, 12.92726, 77.57311
1, 13200, 126800, 12.94471, 77.60819
3, 28100, 97200, 12.97742, 77.50376
3, 12500, 122800, 12.90618, 77.57352
2, 20800, 99200, 12.90701, 77.51967
2, 21000, 71700, 12.91171, 77.58973
2, 9900, 145900, 12.90211, 77.52325
1, 18300, 149200, 12.91483, 77.51411
2, 16200, 59800, 12.92551, 77.52398
3, 17600, 59200, 12.92682, 77.60388
3, 21800, 61200, 12.89817, 77.54001
2, 12700, 115400, 12.89652, 77.59063
1, 28000, 109400, 12.94603, 77.54663
3, 22400, 110600, 12.94151, 77.6281
3, 15500, 64400, 13.00712, 77.59569
1, 25200, 95100, 12.88961, 77.58082
3, 28700, 51300, 12.8765, 77.60667
1, 19200, 85300, 12.91002, 77.60981
2, 21300, 69000, 12.9135, 77.58628
1, 20600, 78700, 12.98308, 77.56485
2, 9600, 72300, 12.86594, 77.51996
3, 17300, 125500, 12.87752, 77.56717
3, 28000, 106200, 12.87513, 77.57326
1, 20700, 135700, 12.93201, 77.59364
2, 9100, 109800, 12.88839, 77.55851
2, 21800, 102600, 12.98752, 77.60635
2, 9600, 137400, 12.88093, 77.60954
1, 11100, 70500, 12.94095, 77.51677
2, 21800, 56600, 12.96258, 77.60662
2, 11100, 129000, 12.99953, 77.62739
1, 27900, 102600, 12.93818, 77.5148
2, 20900, 133900, 12.95398, 77.61506
2, 21000, 114300, 13.0082, 77.53289
3, 11000, 145300, 12.9408, 77.60777
3, 29500, 132200, 12.86221, 77.5959
3, 16000, 45700, 12.87371, 77.5085
1, 22000, 105500, 12.87529, 77.55902
2, 14900, 56800, 12.90326, 77.51743
3, 23500, 71000, 12.99996, 77.56824
2, 13900, 40300, 12.94246, 77.58978
2, 22500, 54100, 12.97143, 77.5055
2, 14500, 93400, 12.98698, 77.60506
2, 22700, 140800, 12.92311, 77.5303
1, 11700, 85500, 12.93884, 77.55869
2, 15800, 73300, 12.88633, 77.57364
1, 19900, 66900, 12.9293, 77.54317
1, 27500, 119600, 12.92173, 77.60653
3, 29100, 137600, 12.9158, 77.57584
3, 20000, 120000, 12.98648, 77.55226
1, 11800, 105700, 12.869, 77.53616
1, 29100, 56300, 12.88157, 77.6053
2, 19500, 144600, 12.87333, 77.57155
1, 13200, 123300, 12.86116, 77.61698
3, 28100, 57600, 12.95438, 77.59205
2, 29000, 148500, 12.94781, 77.57142
3, 23800, 111900, 12.89129, 77.60952
3, 20500, 148100, 12.87765, 77.51189
2, 27700, 144900, 12.99749, 77.61659
2, 12100, 64900, 12.8738, 77.61345
3, 23200, 100600, 12.95979, 77.55062
2, 26400, 50300, 12.91583, 77.59672
3, 19300, 45400, 12.85955, 77.50528
2, 28100, 78800, 12.92241, 77.57557
2, 29500, 122200, 12.9459, 77.60065
3, 13800, 102500, 12.89504, 77.53076
3, 8600, 115700, 12.95615, 77.55833
3, 9900, 118400, 12.99583, 77.51142
3, 15100, 86900, 12.91328, 77.53664
3, 14100, 50500, 12.87892, 77.57342
1, 8600, 80000, 12.88018, 77.58073
1, 17000, 116300, 12.9966, 77.54498
1, 19400, 51900, 12.92777, 77.60858
3, 20900, 100100, 12.95279, 77.51905
2, 10800, 104500, 12.95557, 77.53539
3, 28800, 130400, 12.86774, 77.52405
2, 12600, 144700, 12.87376, 77.62096
3, 8400, 101600, 12.90375, 77.60828
2, 27700, 53100, 12.96776, 77.57962
1, 23200, 115900, 12.99199, 77.58438
2, 10700, 63500, 12.91203, 77.52363
3, 29000, 143800, 12.96218, 77.56166
2, 20600, 69000, 12.95645, 77.53745
3, 29300, 77000, 12.88257, 77.58378
2, 23300, 121400, 12.8998, 77.59094
1, 9100, 67400, 12.97276, 77.59459
1, 22100, 73600, 12.93707, 77.51778
1, 8300, 59700, 12.98392, 77.54085
1, 22000, 108500, 12.98667, 77.59111
3, 17000, 89200, 12.88425, 77.62045
1, 11200, 78300, 12.96031, 77.56239
1, 23200, 135300, 13.00087, 77.57013
1, 9100, 82000, 13.00273, 77.50271
2, 29300, 117300, 12.89115, 77.55321
2, 12100, 45400, 12.98068, 77.55654
2, 11700, 144100, 12.89572, 77.60362
1, 16300, 44200, 12.86578, 77.52138
2, 16000, 124900, 12.95063, 77.50254
2, 15000, 148800, 12.90649, 77.51395
1, 12500, 106500, 12.88888, 77.61472
3, 17100, 63400, 12.92243, 77.58535
1, 8200, 74200, 12.96124, 77.53882
2, 29200, 83400, 12.88971, 77.53747
1, 28300, 59900, 12.97344, 77.62102
1, 22800, 78000, 13.00546, 77.53996
2, 19300, 80100, 12.92467, 77.56463
2, 16900, 109000, 12.93389, 77.53253
2, 17500, 137700, 12.92228, 77.54099
3, 20200, 91300, 12.87153, 77.51109
1, 14400, 41200, 12.86991, 77.58917
1, 14700, 44100, 12.87085, 77.53634
2, 10100, 83900, 12.89688, 77.61898
3, 19400, 107700, 12.97436, 77.52363
3, 27700, 118500, 12.97089, 77.5436
2, 16700, 130500, 13.00079, 77.53916
1, 9800, 148900, 12.959, 77.58871
2, 25600, 52500, 12.95927, 77.61493
2, 24900, 100900, 12.8628, 77.53408
2, 18900, 75700, 12.91162, 77.5097
2, 13300, 142100, 12.98246, 77.571
2, 19500, 55200, 12.89855, 77.57104
3, 13500, 87000, 12.96305, 77.59184
3, 11300, 140400, 12.88704, 77.51531
3, 26000, 56300, 12.99705, 77.58329
3, 14000, 133300, 12.91836, 77.59126
3, 9500, 55400, 12.99574, 77.58696
3, 13700, 115400, 12.91509, 77.55904
3, 15400, 92900, 12.91436, 77.56919
1, 14600, 96700, 12.88217, 77.54306
1, 22000, 149800, 12.8812, 77.51068
1, 16800, 138300, 12.91893, 77.62622
1, 11300, 46800, 12.91685, 77.61824
1, 27600, 146600, 12.94877, 77.61121
3, 21100, 128700, 13.00457, 77.51763
1, 13900, 71700, 13.0015, 77.61375
3, 12000, 137000, 12.87861, 77.58825
2, 25400, 134300, 12.99481, 77.57105
1, 24700, 59600, 12.87914, 77.62375
1, 13000, 46500, 12.93057, 77.51795
2, 22900, 46100, 12.91267, 77.62643
2, 23500, 122000, 12.91015, 77.58723
3, 27300, 64100, 12.94953, 77.57093
1, 10300, 41900, 12.92754, 77.57464
2, 26800, 100200, 12.93009, 77.54534
1, 15600, 132700, 12.99941, 77.50294
1, 22800, 64900, 12.95482, 77.61651
3, 27300, 91700, 12.94711, 77.52363
2, 22800, 149700, 12.87001, 77.53058
1, 12400, 72000, 12.87431, 77.55556
2, 21300, 86000, 12.95663, 77.62515
2, 9200, 93900, 12.91218, 77.61124
3, 8400, 132400, 12.97128, 77.60281
2, 9600, 93300, 12.93439, 77.59496
1, 11800, 55600, 12.95387, 77.50987
2, 17500, 62900, 12.88911, 77.61719
1, 26700, 119900, 12.99948, 77.58579
3, 28100, 113000, 12.87389, 77.59533
2, 24300, 80500, 12.93413, 77.61982
3, 29900, 122800, 12.94608, 77.51309
3, 21100, 89800, 12.89521, 77.52122
3, 26300, 116400, 12.94239, 77.55917
3, 15000, 144300, 12.90373, 77.52533
1, 26600, 42100, 12.99256, 77.60784
1, 12800, 73500, 12.89911, 77.57706
3, 9500, 94500, 12.92517, 77.53801
1, 23000, 130100, 12.88147, 77.55757
3, 25700, 67500, 12.92687, 77.58241
1, 21600, 93300, 12.9835, 77.57389
1, 9200, 72600, 12.93261, 77.50461
1, 8100, 70900, 12.88524, 77.5622
3, 9900, 140100, 12.90816, 77.56437
1, 16300, 50700, 12.97503, 77.55061
1, 13300, 81400, 12.96967, 77.52509
1, 11100, 44300, 12.9262, 77.58236
2, 23500, 52700, 12.9805, 77.55319
1, 21900, 83400, 12.90446, 77.5611
3, 10000, 63600, 12.93107, 77.60152
2, 15000, 83300, 12.89193, 77.58151
1, 14900, 119200, 12.90744, 77.61795
2, 29400, 53600, 12.97009, 77.60499
2, 9500, 142600, 12.93012, 77.53254
3, 9400, 84200, 12.89271, 77.54695
3, 27200, 63500, 12.99273, 77.50643
2, 25400, 106100, 12.96711, 77.61734
2, 19500, 134100, 12.96376, 77.58939
2, 17800, 131200, 12.87207, 77.56572
2, 14900, 124600, 12.91501, 77.51918
1, 24000, 67800, 12.93995, 77.50277
2, 9800, 143500, 12.92313, 77.61928
2, 11200, 51300, 12.87985, 77.51106
1, 27700, 117300, 12.97037, 77.54897
2, 28500, 114200, 12.98276, 77.57747
1, 8700, 83900, 12.90324, 77.5662
3, 10000, 139400, 12.94769, 77.59
3, 26500, 97000, 12.95374, 77.62957
1, 26100, 142500, 12.93463, 77.52266
2, 20700, 73500, 12.86339, 77.60352
1, 12800, 68500, 12.86229, 77.61967
1, 8000, 48300, 12.87922, 77.53784
1, 12400, 101300, 12.89376, 77.51081
1, 9400, 131800, 12.91778, 77.61378
1, 28700, 49900, 12.95631, 77.57014
3, 29700, 84800, 12.85958, 77.57252
3, 8800, 147500, 12.90915, 77.5136
2, 28200, 134600, 12.95916, 77.59148
1, 29800, 131800, 12.8821, 77.62055
3, 18400, 118700, 12.89883, 77.52917
3, 24900, 86600, 13.00756, 77.58162
1, 19200, 86300, 12.90283, 77.60904
3, 21500, 76200, 12.88093, 77.61862
2, 22200, 139100, 12.8717, 77.5821
2, 28900, 45700, 12.99654, 77.62934
3, 23300, 44700, 12.9556, 77.60475
2, 19600, 90400, 12.96257, 77.57749
1, 15500, 88200, 12.92789, 77.59457
1, 19000, 94500, 12.87628, 77.56469
3, 15500, 96700, 12.88071, 77.62889
3, 16500, 81500, 12.89601, 77.55699
3, 25900, 77800, 12.88932, 77.60351
2, 13600, 95000, 12.89654, 77.53213
2, 29600, 72000, 12.883, 77.53582
2, 9700, 125300, 12.97126, 77.57333
2, 19800, 133600, 12.96683, 77.52571
2, 16100, 49200, 12.9664, 77.51776
2, 23500, 47900, 12.94173, 77.60933
1, 26500, 106200, 12.95275, 77.59466
1, 27600, 94000, 12.92743, 77.50413
1, 23600, 107600, 12.91037, 77.59758
1, 27900, 111800, 12.87117, 77.62523
1, 10000, 100600, 12.91293, 77.6299
2, 16500, 43700, 12.86612, 77.50141
2, 18300, 93300, 12.94168, 77.52303
2, 19600, 145000, 12.9796, 77.54217
3, 26400, 103800, 12.95705, 77.5581
1, 9100, 89600, 13.00777, 77.62195
3, 14100, 119600, 12.96649, 77.60228
3, 25800, 87800, 12.91405, 77.5578
1, 20800, 100600, 12.97277, 77.537
2, 25500, 148600, 12.89563, 77.53013
1, 18400, 102000, 12.95062, 77.56281
1, 14500, 42400, 12.8849, 77.52153
1, 19800, 82300, 12.99413, 77.59121
3, 17600, 42200, 12.98782, 77.51389
3, 23400, 73100, 12.9981, 77.50788
1, 26300, 89000, 12.94694, 77.61272
3, 18000, 129900, 12.9973, 77.52719
2, 16200, 99200, 12.89082, 77.62357
2, 24000, 84200, 12.9243, 77.58432
3, 13400, 40400, 12.95095, 77.60324
2, 16600, 86900, 12.9452, 77.58262
2, 16700, 43000, 12.95174, 77.51561
1, 12500, 84300, 12.96906, 77.61362
3, 11800, 148900, 12.89858, 77.59325
1, 16000, 103600, 12.9512, 77.51248
3, 17600, 112200, 12.88146, 77.58865
1, 27600, 45000, 12.92933, 77.5455
2, 14000, 97300, 12.8601, 77.54526
2, 15800, 101000, 12.94667, 77.57189
1, 21500, 126000, 13.00172, 77.5432
3, 28800, 88200, 12.9185, 77.56213
2, 23500, 86200, 12.90227, 77.50556
1, 29100, 62900, 13.00121, 77.50726
1, 16900, 128000, 12.88196, 77.5618
1, 18100, 67700, 12.98112, 77.53965
1, 17400, 114100, 12.90952, 77.58806
3, 19600, 105400, 12.86874, 77.61196
3, 8400, 143800, 12.98798, 77.57832
2, 24100, 51800, 12.87379, 77.51765
1, 12100, 103600, 12.90447, 77.60439
3, 9800, 63800, 12.89749, 77.56806
3, 21300, 61400, 12.93377, 77.56542
2, 9100, 66200, 12.93577, 77.57516
1, 11200, 132100, 12.87158, 77.52889
2, 16300, 85000, 12.97313, 77.62385
2, 22100, 113000, 12.97527, 77.5759
2, 24000, 121600, 13.00655, 77.61547
1, 24200, 54400, 12.92899, 77.50548
3, 18100, 61000, 12.89189, 77.61025
3, 8100, 121700, 12.99454, 77.55346
3, 8700, 49000, 12.88465, 77.6208
3, 29600, 81100, 12.95294, 77.598
3, 27000, 98000, 12.95274, 77.53945
3, 20800, 59800, 12.89115, 77.60036
3, 29700, 116400, 12.95235, 77.60148
3, 13900, 124100, 12.89586, 77.61066
3, 21700, 77300, 12.93313, 77.55315
2, 15600, 115000, 12.98319, 77.5731
2, 20600, 104400, 12.89979, 77.54183
2, 15100, 123900, 12.9966, 77.61062
1, 26400, 128900, 12.9834, 77.52971
2, 18500, 127400, 12.96371, 77.62374
1, 25300, 73300, 12.99326, 77.62982
2, 11100, 75000, 12.97754, 77.51903
1, 24900, 60700, 13.00498, 77.5405
1, 10900, 148800, 12.94872, 77.54115
1, 15700, 78300, 12.89866, 77.50225
2, 9300, 69400, 12.91981, 77.59668
2, 29200, 77400, 12.95839, 77.62271
2, 10100, 102800, 12.87617, 77.52299
3, 18400, 47400, 12.8994, 77.57387
3, 16800, 114700, 12.93095, 77.5354
3, 13900, 54900, 12.97271, 77.51129
2, 13600, 136500, 12.92822, 77.55404
3, 29700, 80400, 12.97713, 77.58007
3, 17600, 125700, 12.91495, 77.50596
2, 15700, 48600, 12.94805, 77.57876
3, 23700, 142000, 12.90056, 77.50535
1, 20100, 88600, 12.96842, 77.53736
1, 8500, 148100, 12.96039, 77.5778
3, 23800, 96300, 12.96961, 77.60276
1, 21900, 52400, 12.8639, 77.56299
1, 28100, 46900, 12.87547, 77.55811
1, 10600, 85200, 12.88749, 77.60503
3, 15400, 90000, 12.97509, 77.534
1, 12200, 95000, 12.92366, 77.52537
1, 12100, 124300, 13.006, 77.57435
3, 20300, 83800, 12.86454, 77.53798
3, 27600, 148700, 13.00497, 77.5148
1, 9200, 123700, 12.9351, 77.50381
2, 15400, 116000, 12.93587, 77.53893
3, 29600, 139100, 12.93391, 77.5434
2, 18000, 117600, 12.89449, 77.52686
3, 8100, 51800, 12.9295, 77.56325
2, 16200, 139400, 12.98955, 77.57762
3, 10900, 60900, 12.96709, 77.51881
3, 29000, 61900, 12.87263, 77.54015
1, 18700, 75900, 12.90625, 77.52075
1, 23000, 57900, 12.89225, 77.50832
2, 8700, 134300, 12.97727, 77.61075
3, 16400, 100400, 12.97402, 77.50745
3, 15500, 102400, 13.00675, 77.57004
3, 11400, 101100, 12.89865, 77.61665
1, 14000, 112400, 12.99032, 77.59965
1, 24800, 72900, 12.95601, 77.58465
3, 21900, 141100, 12.86565, 77.62412
3, 18700, 140600, 12.93621, 77.57529
3, 24500, 140300, 12.95918, 77.55156
2, 24900, 146900, 12.98491, 77.59267
3, 27300, 123200, 12.99473, 77.61399
3, 15500, 110400, 12.96491, 77.5103
2, 13500, 85800, 12.90729, 77.60523
2, 25100, 111000, 12.9409, 77.57608
2, 16000, 142100, 12.96086, 77.51455
3, 10700, 120300, 12.87037, 77.57595
3, 20000, 133000, 12.91612, 77.63066
1, 24600, 134200, 12.97079, 77.52254
1, 22500, 129100, 12.85947, 77.58933
2, 25000, 131300, 12.90594, 77.57146
2, 15300, 63000, 12.98472, 77.56513
1, 8600, 108600, 12.9555, 77.54109
1, 27200, 41400, 12.98591, 77.53609
3, 27000, 128300, 12.89312, 77.61778
3, 11400, 68400, 12.87958, 77.61905
2, 28400, 142900, 12.91862, 77.58207
2, 20300, 75200, 12.88081, 77.58318
3, 11200, 140300, 12.97057, 77.60003
2, 12600, 131600, 12.86125, 77.55959
3, 14100, 88000, 12.88332, 77.62117
3, 25200, 134400, 12.99526, 77.61005
3, 26200, 57400, 12.96171, 77.54746
1, 25500, 122300, 12.89241, 77.58249
1, 19100, 138600, 12.99415, 77.60605
3, 29000, 129000, 12.98108, 77.62727
1, 13000, 104100, 12.97971, 77.50681
2, 9300, 46500, 12.87328, 77.52504
2, 25600, 80200, 13.0065, 77.51583
2, 12600, 99600, 12.93683, 77.54023
2, 16900, 135300, 12.87554, 77.54033
1, 25900, 84500, 12.93318, 77.51029
2, 10200, 54500, 12.92636, 77.54102
2, 10700, 141100, 12.86014, 77.53117
1, 21200, 55700, 12.88232, 77.50365
1, 14500, 64800, 12.96546, 77.55687
2, 15800, 61400, 12.86202, 77.58612
1, 25600, 68100, 12.9142, 77.57506
2, 27900, 83800, 12.88151, 77.54706
1, 26000, 133300, 12.86399, 77.55057
2, 10100, 65900, 12.87406, 77.61252
1, 25700, 145000, 12.87451, 77.53391
1, 24900, 60000, 12.99383, 77.54494
1, 25900, 139600, 12.97319, 77.56283
2, 15400, 43400, 12.89481, 77.62783
1, 9200, 102700, 12.88284, 77.52992
2, 29200, 67000, 12.89663, 77.54123
3, 23900, 124900, 12.89817, 77.54481
3, 16500, 84500, 12.87387, 77.59058
